1706035076238 2.489579200744629 0
1706035077839 0.7126745581626892 10
1706035079315 0.4801979064941406 20
1706035080734 0.4046899676322937 30
1706035082177 0.36616480350494385 40
1706035083720 0.35012146830558777 50
1706035085200 0.3417026400566101 60
1706035086623 0.3363818824291229 70
1706035088036 0.3336024284362793 80
1706035089570 0.3323037922382355 90
1706035091039 0.33304959535598755 100
1706035092463 0.33122700452804565 110
1706035094028 0.33159470558166504 120
1706035095505 0.33152464032173157 130
1706035096942 0.331539511680603 140
