1706007083011 2.557199716567993 0
1706007084693 0.6553261280059814 10
1706007086271 0.39559096097946167 20
1706007088307 0.3458338677883148 30
1706007090449 0.3363102674484253 40
1706007092908 0.3332308530807495 50
1706007095571 0.33230677247047424 60
1706007097867 0.33250105381011963 70
1706007100460 0.3307217061519623 80
1706007102681 0.3304366171360016 90
1706007105379 0.3355555236339569 100
1706007108743 0.33020731806755066 110
1706007111354 0.3318161964416504 120
1706007113449 0.3298444449901581 130
1706007115584 0.33068859577178955 140
