1706035145883 2.489579200744629 0
1706035147460 0.7126745581626892 10
1706035148906 0.4801979064941406 20
1706035150335 0.4046899676322937 30
1706035151773 0.36616480350494385 40
1706035153386 0.35012146830558777 50
1706035154793 0.3417026400566101 60
1706035156279 0.3363818824291229 70
1706035157836 0.3336024284362793 80
1706035159274 0.3323037922382355 90
1706035160715 0.33304959535598755 100
1706035162169 0.33122700452804565 110
1706035163749 0.33159470558166504 120
1706035165160 0.33152464032173157 130
1706035166770 0.331539511680603 140
